1 5.02792701002973e-06
0.999518009210064 7.85410454383075e-05
0.998468434817596 0.00024220607157659
0.996857673015235 0.000498806818617142
0.994692818843227 0.000850612582989964
0.991981624721663 0.00129937316331929
0.988732458964536 0.00184631725258639
0.98495426454958 0.00249215405700156
0.980656518394019 0.00323707797493291
0.975849191361496 0.00408077615256804
0.970542709200093 0.00502243871972375
0.964747914585847 0.00606077149924961
0.958476030420931 0.00719401097662025
0.951738624511028 0.00841994131238223
0.94454757572266 0.00973591317887709
0.93691504169858 0.011138864203853
0.928853428188009 0.0126253408069436
0.920375360028646 0.0141915212202584
0.911493653799072 0.0158332394912298
0.902221292143577 0.0175460102741323
0.892571399756443 0.0193250542260744
0.88255722099953 0.0211653238335235
0.872192099115395 0.0230615295063296
0.861489456988268 0.0250081657875684
0.850462779396819 0.0269995375391183
0.839125596695809 0.0290297859745816
0.827491469858202 0.0310929144227773
0.815573976805187 0.0331828137164704
0.803386699948559 0.0352932871121327
0.790943214868038 0.0374180746572743
0.778257080045209 0.0395508769321652
0.765341827575718 0.041685378102525
0.752210954782115 0.0438152682289585
0.738877916651125 0.0459342647875217
0.725356119021107 0.0480361333638002
0.711658912447896 0.0501147074902678
0.697799586680068 0.0521639076034615
0.683791365677806 0.0541777591036764
0.669647403112963 0.0561504095054604
0.655380778291445 0.0580761446721997
0.641004492442755 0.0599494041325513
0.626531465325278 0.0617647954804298
0.611974532099659 0.0635171078637232
0.59734644042639 0.0652013245699193
0.582659847747402 0.0668126347194167
0.567927318715127 0.0683464440794909
0.553161322735953 0.06979838501373
0.538374231598448 0.0711643255832609
0.523578317159951 0.0724403778173168
0.508785749068234 0.0736229051716383
0.494008592497906 0.0747085291939178
0.479258805883994 0.0756941354159975
0.464548238637732 0.0765768784928411
0.449888628832053 0.0773541866084512
0.435291600846539 0.0780237651689047
0.420768662963641 0.0785835998025663
0.406331204909977 0.0790319586873093
0.391990495338214 0.0793673942242675
0.377757679246684 0.0795887440772517
0.363643775335315 0.0796951315965197
0.34965967329778 0.0796859656450959
0.335816131050895 0.0795609398453037
0.322123771903344 0.0793200312626168
0.308593081666697 0.0789634985433596
0.295234405712435 0.0784918795221959
0.282057945979376 0.0779059883147579
0.269073757936398 0.0772069119101709
0.256291747505809 0.076396006277649
0.243721667953033 0.0754748920007629
0.231373116748506 0.0744454494524223
0.219255532407841 0.0733098135230757
0.207378191316336 0.0720703679141127
0.195750204543926 0.0707297390079586
0.184380514656522 0.0692907893258835
0.17327789252954 0.0677566105841071
0.16245093416917 0.0661305163583719
0.151908057546598 0.0644160343667794
0.141657499450059 0.062616898380339
0.13170731235911 0.0607370397703707
0.122065361345072 0.0587805787016329
0.112739321000986 0.0567518149798098
0.103736672403876 0.0546552185618055
0.0950647001114071 0.0524954197371355
0.0867304891943679 0.0502771989886079
0.0787409223056302 0.0480054765404227
0.0711026767854532 0.0456853016018119
0.0638222218021667 0.0433218413143848
0.0569058155263861 0.0409203694114411
0.050359502336001 0.0384862545976719
0.0441891100482309 0.0360249486578875
0.0384002471740562 0.033541974303694
0.0329983001893232 0.0310429127673965
0.0279884308157847 0.0285333911528358
0.0233755733042731 0.0260190695533717
0.0191644317111311 0.0235056279478207
0.0153594771579251 0.0209987528858356
0.0119649450633707 0.0185041239749933
0.00898483233529663 0.016027400182732
0.00642289450937513 0.013574205967266
0.004282642820264 0.0111501172527019
0.00256734118974159 0.00876064726479554
0.00128000311538808 0.00641123224513009
0.000423388442375382 0.00410721706296621
0 0.00185384074562282
1.20800837250789e-05 -0.000343778050004609
0.000461606762724801 -0.00248065560028706
0.00135028999224092 -0.00455195768552026
0.00267956750950542 -0.00655301413965486
0.00445060049156474 -0.00847933334800361
0.00666426895307676 -0.0103266166593224
0.00932116686208324 -0.0120907726760013
0.0124215969518892 -0.0137679313832898
0.0159655652075506 -0.015354458075522
0.019952775006104 -0.0168469670342138
0.0243826208905984 -0.0182423349096824
0.0292541819592323 -0.0195377137545056
0.034566214852511 -0.0207305436537135
0.0403171463233201 -0.0218185648931058
0.0465050653772324 -0.0227998296035502
0.0531277149732235 -0.0236727128155622
0.0601824832783221 -0.024435922854942
0.0676663944735905 -0.0250885110067886
0.0755760991132347 -0.0256298803718698
0.0839078640436319 -0.026059793836173
0.0926575618946282 -0.0263783810715289
0.101820660161652 -0.0265861444825943
0.11139220990399 -0.0266839640132438
0.121366834091997 -0.0266731007236586
0.131738715644086 -0.0265551990481975
0.142501585202973 -0.0263322876435789
0.153648708709927 -0.0260067787371021
0.165172874845536 -0.0255814658856958
0.177066382415793 -0.0250595200585997
0.189321027772998 -0.0244444839595819
0.201928092372007 -0.0237402645088706
0.214878330573644 -0.0229511234105427
0.228161957818447 -0.0220816657380639
0.241768639305292 -0.0211368264791031
0.255687479320585 -0.02012185499074
0.26990701137447 -0.0190422973278008
0.284415189310743 -0.0179039764203531
0.299199379566485 -0.0167129700913865
0.314246354765871 -0.0154755869224023
0.329542288839587 -0.0141983399930054
0.345072753866886 -0.0128879185405634
0.360822718840944 -0.0115511576074809
0.37677655055983 -0.0101950057664804
0.39291801684463 -0.00882649103829882
0.409230292282921 -0.00745268514118329
0.425695966689573 -0.00608066623720286
0.442297056467626 -0.00471748036638876
0.459015019039448 -0.00337010178567663
0.475830770502568 -0.00204539245518004
0.492724706645207 -0.000750060938987506
0.509676727433778 0.000509378988992759
0.526666265058362 0.0017266497221389
0.543672315592607 0.00289575085005762
0.56067347429184 0.00401099949200671
0.577647974517565 0.00506706957459364
0.594573730238544 0.00605902968457123
0.611428382018475 0.00698237912289916
0.628189346358662 0.00783308178631486
0.644833868221466 0.00860759750778944
0.661339076517403 0.00930291049768711
0.677682042296319 0.00991655454337496
0.693839839341771 0.0104466346464817
0.709789606828439 0.0108918448039494
0.725508613665788 0.0112514816712719
0.740974324118212 0.0115254538835771
0.756164464263061 0.0117142868520781
0.771057088824195 0.0118191228993352
0.785630647900397 0.0118417166461129
0.799864053095891 0.0117844256146144
0.81373674255449 0.0116501960667145
0.827228744400076 0.01144254415058
0.840320738094106 0.0111655324838316
0.852994113235875 0.0108237423551815
0.865231025352948 0.0104222417783322
0.877014448257449 0.00996654968088118
0.888328222578146 0.00946259655617911
0.899157100117986 0.00891668194670921
0.909486783731297 0.00833542916288261
0.91930396246331 0.00772573767057335
0.928596341746334 0.00709473360378059
0.937352668500693 0.00644971887515925
0.945562751043577 0.0057981193666366
0.953217473764262 0.00514743268487382
0.960308806578752 0.00450517596206267
0.9668298092299 0.00387883417171114
0.972774630549601 0.00327580941204594
0.978138502846974 0.00270337158693909
0.982917731629846 0.0021686108864445
0.987109680905818 0.00167839243677313
0.990712754343213 0.0012393134535826
0.993726372600993 0.000857663193567308
0.996150947160083 0.00053938595830453
0.997987851006352 0.00029004736191799
0.999239386527815 0.000114804031133081
0.999908750995597 1.83768634376951e-05
1 5.02792701002973e-06
